# Created by Octave 4.4.1, Mon Sep 17 16:58:22 2018 CST <s00380291@S00380291>
# name: X
# type: matrix
# rows: 20
# columns: 3
 1 2.2873552871788423 0.89080790429312873
 1 2.4717266720048188 -0.68611014114984314
 1 0.38360395354113103 -1.6322216869786788
 1 -2.057202470728003 -1.0776761411752871
 1 -2.6066264306850795 0.4676798788665058
 1 -0.75953007134397121 1.5830531750946979
 1 1.7858747328383988 1.2429746827645844
 1 2.6893545436324411 -0.23988900062784893
 1 1.120254189604734 -1.5021998431478452
 1 -1.478802700028677 -1.3833950776272281
 1 -2.7182552071037844 0.0072967424105940919
 1 -1.4585564126438275 1.391279971126768
 1 1.1421324211233403 1.4961268106053089
 1 2.6927499741232319 0.22544156015562014
 1 1.7676656191669708 -1.2525136210241241
 1 -0.78260235404373713 -1.5789135552967952
 1 -2.6133493321023016 -0.45366764836251783
 1 -2.0413949863039358 1.0886782022807058
 1 0.40740849552694974 1.6300983344438102
 1 2.4816424854308972 0.67281357550290388


# name: y
# type: bool matrix
# rows: 20
# columns: 1
 0
 0
 1
 0
 0
 1
 1
 0
 1
 0
 0
 0
 1
 0
 1
 1
 0
 0
 1
 0


# name: theta
# type: matrix
# rows: 3
# columns: 1
 0.25
 0.5
 -0.5


# name: xtheta
# type: matrix
# rows: 20
# columns: 1
 0.94827369144285678
 1.828918406577331
 1.257912820259905
 -0.23976316477635795
 -1.2871531547757926
 -0.92129162321933455
 0.52145002503690707
 1.7146217721301451
 1.5612270163762896
 0.20229618879927558
 -1.1127759747571893
 -1.1749181918852978
 0.073002805259015702
 1.4836542069838059
 1.7600896200955476
 0.64815560062652899
 -0.82984084186989193
 -1.3150365942923208
 -0.36134491945843028
 1.1544144549639968


# name: expxtheta
# type: matrix
# rows: 20
# columns: 1
 0.94827369144285678
 1.828918406577331
 1.257912820259905
 -0.23976316477635795
 -1.2871531547757926
 -0.92129162321933455
 0.52145002503690707
 1.7146217721301451
 1.5612270163762896
 0.20229618879927558
 -1.1127759747571893
 -1.1749181918852978
 0.073002805259015702
 1.4836542069838059
 1.7600896200955476
 0.64815560062652899
 -0.82984084186989193
 -1.3150365942923208
 -0.36134491945843028
 1.1544144549639968


# name: oneexpxtheta
# type: matrix
# rows: 20
# columns: 1
 1.387409234395875
 1.1605871638982743
 1.2842466817109022
 2.2709481093945385
 4.6224592817461474
 3.5125335416821653
 1.5936591030000067
 1.1800318008819457
 1.2098783889226696
 1.8168529494140691
 4.0427933990060732
 4.2378780483040384
 1.929598222258341
 1.2268073711526069
 1.1720294458368072
 1.5230095261607843
 3.292953768986584
 4.7248872923716085
 2.4352584240707689
 1.3152420713015305


# name: htheta
# type: matrix
# rows: 20
# columns: 1
 0.72076787094143413
 0.86163282785337625
 0.77866660217317252
 0.44034471587578977
 0.21633505868812047
 0.28469479027980937
 0.62748676810337634
 0.84743478883586743
 0.8265293513428611
 0.55040227681744835
 0.24735372335520572
 0.2359671487951833
 0.51824260017695889
 0.81512389272692631
 0.85322088412720598
 0.65659471121025004
 0.3036787243775223
 0.21164526011329687
 0.41063403789746622
 0.76031631120986354


# name: y0
# type: scalar
-11.026889670530236


# name: y1
# type: scalar
-4.2898522649642938


# name: delta
# type: scalar
-15.31674193549453


# name: J
# type: scalar
0.76583709677472656


