# Created by Octave 4.4.1, Sat Sep 15 21:16:31 2018 CST <s00380291@S00380291>
# name: delta
# type: matrix
# rows: 20
# columns: 1
 -4.5766402057084417
 -6.1419482817369619
 -7.9647446269515711
 -9.6723870621019383
 -10.952296293978813
 -11.714993492308739
 -12.140771364863923
 -12.585655662764861
 -13.395706456873731
 -14.726517392418375
 -16.462059926440901
 -18.275202411772415
 -19.798338005658678
 -20.815123950623025
 -21.37332333885702
 -21.759892461302456
 -22.35130787868188
 -23.417200803073619
 -24.979720720431096
 -26.801982486734818


