# Created by Octave 4.4.1, Sat Sep 15 21:16:31 2018 CST <s00380291@S00380291>
# name: theta
# type: matrix
# rows: 2
# columns: 1
 0.5
 -0.5


