# Created by Octave 4.4.1, Sat Sep 15 21:06:06 2018 CST <s00380291@S00380291>
# name: v
# type: matrix
# rows: 3
# columns: 1
 1
 2
 3


