# Created by Octave 4.4.1, Sat Sep 15 21:16:31 2018 CST <s00380291@S00380291>
# name: xtheta
# type: matrix
# rows: 20
# columns: 1
 -1.2285937191760552
 -1.5980465241225876
 -1.9674993290691205
 -2.3369521340156529
 -2.7064049389621854
 -3.0758577439087178
 -3.4453105488552507
 -3.8147633538017836
 -4.1842161587483151
 -4.5536689636948484
 -4.92312176864138
 -5.2925745735879133
 -5.6620273785344466
 -6.0314801834809781
 -6.4009329884275115
 -6.770385793374043
 -7.1398385983205763
 -7.5092914032671079
 -7.8787442082136412
 -8.2481970131601727


