# Created by Octave 4.4.1, Sat Sep 15 21:16:31 2018 CST <s00380291@S00380291>
# name: y
# type: matrix
# rows: 20
# columns: 1
 3.348046486532386
 4.5439017576143748
 5.9972452978824506
 7.3354349280862854
 8.245891355016628
 8.6391357484000206
 8.6954608160086728
 8.7708923089630773
 9.2114902981254154
 10.172848428723526
 11.538938157799521
 12.982627838184502
 14.136310627124233
 14.783643767142047
 14.972390350429508
 14.989506667928415
 15.211469280361303
 15.907909399806513
 17.100976512217457
 18.553785473574646


